196 64
73 133 0 0 0 116 0 131 62 87 2 57 0 0 0 0 0 0 0 0 0 0 2 8 0 4 64 13 0 0 0 0 0 2 0 0 0 15 0 11 0 0 0 6 0 1 0 4 0 1 0 4 0 0 0 5 0 0 0 0 0 0 0 7
1 0 99 0 0 0 0 97 0 0 1 0 5 16 0 0 0 0 0 0 0 0 0 1 0 0 0 0 0 0 0 0 0 0 0 0 5 1 0 6 0 0 0 1 0 0 0 1 0 1 0 0 0 0 0 0 98 0 16 0 0 0 0 104
193 0 123 0 0 0 0 86 2 103 0 3 0 0 0 0 0 0 0 0 0 0 0 40 0 0 2 84 0 0 0 3 0 0 0 0 15 0 0 34 0 0 0 41 0 0 0 29 0 0 0 26 0 0 0 26 119 0 0 0 0 0 0 41
5 79 0 0 65 0 0 169 17 2 32 9 0 0 0 0 9 9 9 0 0 0 25 19 52 1 0 13 0 1 1 0 4 5 0 0 12 8 0 12 46 0 0 15 29 0 0 19 42 0 0 17 39 0 0 15 108 0 0 0 0 0 0 51
1 0 0 0 0 0 0 255 20 0 0 0 0 0 0 0 0 0 0 0 0 0 69 0 63 0 0 0 0 0 0 0 0 0 0 0 59 0 0 0 69 0 0 0 47 0 0 0 49 0 0 0 65 0 0 0 84 0 0 0 0 0 0 0
196 0 0 0 0 125 0 21 0 0 0 0 0 0 0 0 0 0 0 0 0 0 0 0 0 0 0 0 0 0 0 0 0 0 0 0 0 0 0 0 0 0 0 0 0 0 0 0 0 0 0 0 0 0 0 0 0 0 0 0 0 0 0 0
53 81 0 0 0 0 0 154 8 0 28 0 0 0 0 0 0 0 0 0 0 0 20 0 45 0 0 0 0 0 0 0 4 0 0 0 1 0 0 0 33 0 0 0 18 0 0 0 34 0 0 0 26 0 0 0 153 0 0 0 0 0 0 0
46 0 0 0 0 0 0 0 0 48 0 0 0 0 0 0 0 202 0 0 0 0 0 0 0 0 3 47 0 0 0 1 0 0 0 0 0 0 0 7 0 0 0 33 0 0 0 25 0 0 0 27 0 0 0 28 0 0 0 0 0 0 0 127
202 0 0 0 0 0 0 0 0 0 0 0 0 0 0 0 0 0 0 0 0 0 0 0 0 0 0 0 0 0 0 0 0 0 0 0 0 0 0 0 0 0 0 0 0 0 0 21 0 0 0 0 0 0 0 0 0 0 0 0 0 0 0 125
101 0 0 0 0 240 0 69 0 28 0 0 0 0 0 0 0 0 52 66 1 1 1 17 0 0 0 42 0 0 0 1 0 0 33 66 0 1 0 23 0 0 0 63 0 0 0 49 0 0 1 68 0 0 0 38 0 0 0 0 0 0 0 90
0 0 0 120 120 0 0 136 0 0 0 0 0 0 0 0 0 0 21 0 0 0 0 20 0 0 0 6 0 21 0 0 0 0 0 0 0 0 0 19 0 0 0 14 0 0 0 15 0 0 0 12 0 0 0 12 0 0 0 0 0 0 0 20
3 111 0 0 0 232 0 0 12 0 26 0 0 0 0 0 0 0 58 50 0 0 0 0 0 18 0 1 0 0 0 1 0 15 26 51 0 6 0 0 0 5 0 38 0 0 0 20 0 0 0 41 0 6 0 9 0 0 0 0 0 0 0 50
75 131 0 0 188 0 0 0 20 0 21 0 0 0 0 0 28 0 0 0 0 0 0 0 37 0 0 0 0 0 0 0 0 0 0 0 1 0 0 0 34 0 0 0 15 0 0 0 24 0 0 0 21 0 0 0 39 0 0 0 0 0 0 0
1 0 0 29 0 0 0 104 5 0 0 0 0 0 219 0 0 0 0 0 0 0 24 0 0 26 0 0 5 30 0 0 0 0 0 0 0 7 0 0 0 10 0 0 0 9 0 0 0 0 0 0 0 0 0 0 0 0 0 0 0 0 0 0
119 131 0 0 0 0 0 0 0 0 0 0 0 0 0 0 0 0 0 0 0 0 0 0 15 0 0 0 0 0 0 0 0 0 0 0 0 0 0 0 0 0 0 0 0 0 0 0 0 0 0 0 0 0 0 0 119 0 0 0 0 0 0 0
25 37 15 155 0 0 0 153 1 0 1 0 2 0 0 0 0 0 0 0 0 0 0 0 0 19 0 0 0 0 0 0 0 0 0 0 0 0 0 0 0 0 0 0 0 0 0 0 0 0 0 0 0 0 0 0 0 0 0 0 0 0 0 0
120 0 0 125 0 0 0 0 21 0 0 0 0 0 0 0 0 0 0 0 0 0 0 0 0 0 0 0 0 0 0 21 0 0 0 0 0 0 0 0 0 0 0 0 0 0 0 0 0 0 0 0 0 0 0 0 0 0 0 0 0 0 0 120
0 0 0 0 0 0 0 209 0 4 0 0 0 0 0 0 0 0 0 0 0 0 0 37 0 0 0 30 0 0 0 0 0 0 0 1 0 0 0 25 0 0 0 32 0 0 0 29 0 0 0 31 0 0 0 27 0 0 0 0 0 0 0 122
13 0 142 49 0 0 0 141 11 6 14 0 21 60 0 36 0 0 0 0 0 0 0 43 0 1 0 37 0 0 3 68 0 0 0 1 0 0 0 28 0 0 0 69 0 0 0 78 0 0 0 71 0 0 0 58 0 0 0 0 0 0 0 138
14 116 0 136 0 0 0 114 0 0 0 0 0 0 0 0 0 0 0 0 0 0 0 0 0 0 0 0 0 0 0 0 0 0 0 0 0 0 0 0 0 0 0 0 0 0 0 0 0 0 0 0 0 0 0 0 0 0 0 0 0 0 0 0
58 198 0 0 0 0 0 88 45 1 27 23 0 0 0 0 0 0 0 0 0 0 54 0 48 13 3 27 0 0 1 3 1 0 0 0 32 19 4 0 41 11 21 41 23 2 10 38 30 0 3 29 35 5 7 26 100 27 22 21 22 29 37 118
21 125 0 120 0 0 0 120 0 0 0 0 21 0 0 0 0 0 0 0 0 0 0 0 0 0 0 0 0 0 0 0 0 0 0 0 0 0 0 0 0 0 0 0 0 0 0 0 0 0 0 0 0 0 0 0 0 0 0 0 0 0 0 0
32 142 61 201 0 3 0 0 17 2 0 1 23 1 10 21 0 0 97 9 2 0 0 0 0 19 0 3 0 0 7 29 5 18 30 30 7 29 1 4 0 0 0 15 0 0 0 15 0 0 0 25 0 1 0 15 0 0 0 0 0 0 1 26
0 101 0 1 177 0 0 0 2 0 14 0 0 0 2 29 17 0 0 0 0 0 0 0 14 0 0 0 2 0 0 0 23 0 0 0 0 0 0 0 27 0 0 0 20 0 0 0 29 0 0 0 25 0 0 0 92 0 0 0 0 0 0 0
255 45 0 0 0 0 0 7 21 70 4 19 0 0 0 0 0 0 0 0 0 0 3 17 0 4 71 78 0 0 1 9 0 0 0 5 0 1 18 22 1 1 29 99 0 0 12 87 0 0 11 83 1 0 15 87 2 1 2 1 8 79 147 180
0 0 0 0 0 0 0 0 0 0 0 0 0 0 0 0 0 208 0 0 0 0 0 0 0 0 0 0 0 0 0 0 0 0 0 0 0 0 0 0 0 0 0 0 0 0 0 0 0 0 0 36 0 0 0 0 80 0 0 0 36 0 0 60
223 0 114 0 0 0 0 102 0 53 19 0 0 0 0 0 0 0 0 0 0 0 0 45 0 0 0 58 0 0 0 1 0 0 0 1 0 0 0 48 0 0 0 51 0 0 0 44 0 0 0 46 0 0 0 47 0 0 0 0 0 0 0 60
58 29 78 0 182 1 0 70 94 15 31 4 108 56 4 0 37 54 0 4 0 0 52 0 25 58 68 52 4 28 78 93 0 13 40 42 5 19 19 11 3 7 30 116 2 3 17 109 3 8 20 98 2 5 19 86 4 4 11 12 22 46 80 163
223 0 0 0 0 0 0 68 0 47 0 0 0 0 0 0 0 0 0 0 0 0 0 24 0 0 0 33 0 0 0 0 0 0 0 1 0 0 0 24 0 0 0 40 0 0 0 33 0 0 0 36 0 0 0 31 0 0 0 0 0 0 0 134
99 128 0 26 197 0 0 93 0 0 0 33 0 50 13 54 3 0 0 0 0 0 0 0 0 0 0 0 0 0 6 0 0 0 0 0 0 0 0 0 0 0 0 0 0 0 0 0 0 0 0 0 0 0 0 0 0 0 0 0 0 0 0 0
10 106 93 0 85 3 0 78 2 0 19 0 26 1 0 0 28 0 9 0 0 0 0 1 0 9 1 1 0 6 17 0 0 11 0 0 0 1 0 9 0 1 0 2 0 4 0 1 0 2 0 2 0 0 0 0 0 0 1 0 0 0 0 92
142 151 22 123 0 0 0 36 0 0 1 5 18 3 0 0 0 0 0 0 0 0 0 0 0 0 0 0 0 0 0 0 0 0 0 0 0 0 0 0 0 0 0 0 0 0 0 0 0 0 0 0 0 0 0 0 0 0 0 0 0 0 0 0
221 0 0 0 0 0 0 0 0 10 0 0 0 0 0 0 0 0 0 0 0 0 0 1 0 0 0 34 0 0 0 0 0 0 0 0 0 0 0 4 0 0 0 12 0 0 0 7 0 0 0 6 0 0 0 8 0 0 0 0 0 0 0 99
123 0 0 123 0 0 0 0 0 0 0 0 0 0 0 0 0 0 0 0 0 0 0 0 0 0 0 15 0 0 0 15 0 0 0 0 0 0 0 0 0 0 0 0 0 0 0 0 0 0 0 0 0 0 0 0 0 0 0 0 0 0 0 122
155 0 0 0 85 18 0 0 0 14 0 0 0 0 0 0 0 16 0 5 1 0 1 1 0 0 0 0 0 0 0 0 0 0 2 27 0 8 0 0 0 0 0 12 0 0 0 9 0 0 0 11 0 0 0 6 0 0 0 0 0 0 0 125
46 125 0 119 0 0 0 121 0 0 0 0 0 0 15 0 0 0 0 0 0 0 0 0 0 0 0 0 0 0 0 0 0 0 0 0 0 0 0 0 0 0 0 0 0 0 0 0 0 0 0 0 0 0 0 0 0 0 0 0 0 0 0 0
255 50 0 0 0 0 0 1 0 0 0 0 0 0 0 0 0 0 0 0 0 0 0 0 0 0 0 0 0 0 0 0 0 0 0 0 0 0 0 0 0 0 0 0 0 0 0 0 0 0 0 0 0 0 0 0 0 0 0 0 0 0 0 0
0 155 0 0 104 0 0 105 0 0 0 0 0 0 0 0 0 0 0 0 0 0 0 0 0 21 0 0 0 0 0 0 0 0 0 0 0 0 0 0 0 0 0 0 0 0 0 0 0 0 0 0 0 0 0 0 0 0 0 0 0 0 0 0
0 0 0 0 119 0 0 125 0 0 0 0 0 0 0 0 36 0 0 0 0 0 0 36 0 0 0 0 0 0 0 0 0 0 0 0 0 0 0 0 0 0 0 0 0 0 0 0 0 0 0 21 0 0 0 0 0 0 0 0 0 0 0 129
2 0 0 0 174 36 0 110 0 1 0 0 0 0 0 0 1 0 27 0 19 0 12 24 0 0 0 18 0 0 0 0 0 0 0 5 2 1 0 18 0 0 0 23 0 0 0 21 0 0 0 56 0 0 0 18 0 0 0 0 0 0 0 124
14 53 0 0 208 5 0 55 0 4 23 13 0 0 0 0 43 23 2 0 0 0 0 36 0 18 0 24 0 11 0 0 0 19 1 0 0 0 0 1 0 2 0 20 0 5 1 17 0 2 0 14 0 0 0 8 0 0 0 1 0 0 0 87
71 0 0 4 0 0 0 0 0 26 0 0 0 0 41 12 0 0 0 0 0 0 0 0 0 0 0 33 0 7 24 25 0 0 1 2 0 0 0 0 0 0 0 35 0 0 1 48 0 0 1 52 0 0 0 30 0 0 0 0 0 0 0 250
21 0 0 0 40 0 0 130 0 1 0 0 0 0 0 0 113 11 7 0 0 0 22 11 0 0 0 0 0 0 0 0 0 15 13 20 0 17 0 0 0 0 0 14 0 0 0 7 0 0 1 17 0 0 0 5 0 0 0 0 0 0 0 130
131 130 0 0 0 0 0 27 0 0 0 0 0 0 0 0 0 0 0 0 0 0 21 0 0 0 0 0 0 0 0 0 0 0 0 0 0 0 0 0 0 0 0 0 0 0 0 0 0 0 0 0 0 0 0 0 120 0 0 0 0 0 0 0
26 0 133 14 128 0 0 23 0 7 0 0 1 24 0 7 0 29 0 0 0 0 0 4 0 0 0 14 0 0 1 26 0 0 0 24 0 0 0 5 0 0 0 39 0 0 0 28 0 0 0 39 0 0 0 22 0 0 0 0 0 0 0 112
0 0 0 0 0 0 0 224 0 0 0 0 0 0 0 0 0 0 0 0 0 0 0 13 0 0 0 1 0 0 0 0 0 0 0 0 0 0 0 13 0 0 0 20 0 0 0 2 0 0 0 3 0 0 0 20 0 0 0 0 0 0 0 101
26 86 9 198 0 0 16 82 19 0 9 0 4 0 32 0 0 0 1 0 13 0 33 6 47 15 1 3 30 8 0 17 2 5 0 0 5 3 0 5 2 1 0 5 3 1 0 14 2 1 0 5 3 0 0 3 54 16 9 0 0 0 0 62
9 2 0 15 3 0 0 135 3 1 3 1 0 0 33 2 127 1 2 0 0 0 20 18 4 8 6 5 12 23 22 14 20 17 21 4 8 7 10 22 1 4 8 27 3 7 9 34 3 7 9 39 0 3 3 24 0 0 1 2 5 3 7 129
69 0 1 148 0 0 0 61 22 20 8 0 26 0 7 13 0 0 0 0 0 0 0 13 9 0 2 27 1 5 4 0 0 0 0 0 0 0 0 11 0 0 0 30 0 0 0 27 0 0 0 29 0 0 0 21 0 0 0 0 0 0 0 153
52 175 5 3 107 6 0 117 38 15 38 8 13 0 9 0 42 0 18 0 5 0 24 0 40 53 28 8 18 21 6 4 36 29 9 6 21 3 1 2 21 18 11 19 20 10 7 17 25 12 11 16 15 3 7 12 21 29 7 6 7 7 16 10
0 0 0 0 125 0 0 0 0 0 0 0 0 0 0 0 21 0 0 0 0 0 0 0 0 0 0 0 0 0 0 0 0 0 0 0 0 0 0 0 0 0 0 0 0 0 0 0 0 0 0 0 0 0 0 0 125 0 0 0 0 21 0 120
2 45 0 0 0 0 0 126 0 14 0 28 0 0 0 0 0 0 0 0 0 0 0 0 0 0 0 40 0 0 0 1 0 0 0 0 0 0 0 0 0 3 0 28 0 2 0 19 0 2 0 14 0 1 0 14 120 0 21 0 0 0 0 123
97 0 113 0 0 0 0 57 7 23 7 0 4 16 0 0 0 0 0 0 0 0 2 14 6 1 0 26 0 0 0 1 0 0 0 1 2 0 1 10 10 1 0 28 6 0 0 26 8 0 0 28 7 0 0 24 112 0 1 16 0 0 0 102
100 55 100 4 99 1 0 187 26 0 18 0 31 0 0 0 0 6 5 26 25 0 9 0 0 10 0 0 0 0 0 0 0 0 0 0 0 1 0 0 0 0 0 0 0 0 0 0 0 0 0 0 0 0 0 0 0 0 0 1 0 0 0 0
109 196 0 2 14 2 0 175 31 11 26 7 1 0 4 0 11 1 3 0 0 0 15 6 1 18 22 1 1 12 2 2 2 7 8 3 3 10 15 1 1 2 19 12 1 2 12 13 0 2 13 13 0 0 14 12 0 0 0 0 4 21 28 0
125 133 3 35 60 0 0 2 3 3 1 18 18 38 122 42 6 0 0 0 0 0 1 1 0 2 0 0 0 0 1 0 0 3 0 0 0 2 0 0 0 0 0 0 0 0 0 0 0 1 0 0 0 2 0 0 0 0 0 0 0 0 0 0
0 0 0 0 139 0 0 0 0 0 0 0 0 0 0 0 13 11 0 0 0 0 0 0 0 0 0 0 0 0 0 0 0 0 0 2 0 0 0 0 0 0 0 1 0 0 0 0 0 0 0 38 0 0 0 1 0 0 0 0 0 0 0 178
45 33 4 23 54 37 0 115 2 11 2 5 5 6 9 13 53 205 24 13 0 0 13 52 0 0 5 40 0 0 17 27 0 7 39 51 0 4 6 43 0 0 0 60 0 0 0 61 0 0 2 60 0 1 0 47 0 0 0 0 0 3 14 101
0 0 0 0 41 0 0 0 0 0 0 0 0 0 0 0 0 255 0 0 0 0 0 0 0 0 0 0 0 0 0 0 0 0 0 46 0 0 0 0 0 0 0 23 0 0 0 4 0 0 0 30 0 0 0 1 0 0 0 0 0 0 0 32
0 0 0 0 0 123 0 119 0 0 0 0 0 0 0 0 0 0 0 0 0 0 0 0 0 0 0 0 0 0 0 0 0 0 0 0 0 0 0 15 0 0 0 15 0 0 0 0 0 0 0 15 0 0 0 0 0 0 0 0 0 0 0 122
0 125 0 126 130 0 0 0 0 0 0 0 21 0 0 0 0 0 0 0 0 0 0 0 0 0 0 0 0 0 21 0 0 0 0 0 0 0 0 0 0 0 0 0 0 0 0 0 0 0 0 0 0 0 0 0 0 0 0 0 0 0 0 0
0 0 0 0 117 65 0 192 0 4 0 0 0 0 0 0 57 51 54 24 0 0 0 60 0 0 0 50 0 0 0 0 0 0 36 60 0 0 0 62 0 0 0 80 0 0 0 72 0 0 1 82 0 0 0 65 0 0 0 0 0 0 0 152
110 165 1 123 0 0 0 140 4 0 20 0 51 0 73 0 0 0 0 0 0 0 4 0 0 6 0 0 1 5 0 0 0 0 0 0 0 2 0 0 0 1 0 0 0 2 0 0 0 0 0 0 0 0 0 0 0 0 0 0 0 0 0 0
0 0 0 0 0 0 0 180 0 5 0 0 0 0 0 0 0 0 0 0 0 0 0 35 0 0 0 28 0 0 0 0 0 0 0 0 0 0 0 56 0 0 0 43 0 0 0 33 0 0 0 34 0 0 0 29 0 0 0 0 0 0 0 191
23 133 2 0 0 0 0 120 8 0 15 0 21 0 120 0 0 0 0 0 0 0 0 0 25 0 0 0 0 0 0 0 1 0 0 0 1 0 0 0 16 0 0 0 10 0 0 0 18 0 0 0 12 0 0 0 27 0 0 0 0 0 0 0
0 0 0 0 0 112 0 126 0 0 0 0 125 0 0 0 0 0 0 0 0 0 0 0 0 0 0 0 0 0 21 0 0 0 0 21 0 0 0 0 0 0 0 0 0 0 0 0 0 0 0 21 0 0 0 0 0 0 0 0 0 0 0 69
28 126 0 123 0 0 0 119 0 0 0 0 0 0 0 0 0 0 0 0 0 0 0 0 0 0 0 0 0 0 0 0 0 0 0 0 0 0 0 0 0 0 0 0 0 0 0 0 0 0 0 0 0 0 0 0 0 0 0 0 0 0 0 0
117 11 115 2 84 0 0 15 6 19 1 6 9 0 7 1 4 7 3 0 1 0 6 1 5 6 11 12 1 7 5 18 0 3 1 9 0 5 1 2 0 1 10 29 0 2 7 15 0 0 6 26 0 0 6 16 0 0 2 15 28 42 52 109
0 0 0 0 0 181 0 0 0 0 0 0 0 0 0 0 0 0 52 55 0 0 0 0 0 0 0 0 0 0 0 0 0 0 10 15 0 0 0 0 0 0 0 8 0 0 0 3 0 0 0 46 0 0 0 2 0 0 0 0 0 0 0 162
4 27 43 0 0 0 0 2 10 11 12 13 47 29 0 1 0 189 0 0 0 0 0 1 11 12 23 33 1 8 37 37 1 0 1 2 1 0 1 3 4 0 8 42 3 0 7 45 3 0 5 50 3 0 3 30 4 1 0 0 1 11 23 129
15 125 0 121 0 0 0 121 2 0 0 0 0 0 1 0 0 0 0 0 0 0 13 0 9 0 0 0 0 0 0 0 0 0 0 0 9 0 0 0 14 0 0 0 7 0 0 0 7 0 0 0 12 0 0 0 18 0 0 0 0 0 0 0
3 123 0 173 0 0 0 96 13 3 21 35 0 0 3 52 0 0 0 0 0 0 25 0 47 0 0 45 1 0 4 48 1 0 0 0 19 0 0 0 44 0 1 52 33 1 1 54 37 1 0 44 38 1 1 24 52 5 5 4 5 4 5 66
0 0 0 0 216 1 0 0 0 0 0 0 0 0 0 0 0 27 0 4 0 0 0 0 0 0 0 2 0 0 0 1 0 0 0 33 0 0 0 0 0 0 0 28 0 0 0 23 0 0 0 27 0 0 0 17 0 0 0 0 0 0 0 126
142 22 1 11 47 121 0 90 6 27 12 1 3 4 7 4 6 21 43 2 11 0 15 33 4 5 0 28 1 5 0 2 4 4 7 20 8 2 4 36 1 2 0 32 1 3 0 24 1 0 1 27 1 1 1 30 2 0 1 0 0 1 0 125
17 31 3 13 2 155 0 152 7 7 15 10 20 0 27 4 4 2 15 2 23 0 8 6 1 6 9 18 3 17 18 8 0 13 9 10 5 7 4 8 0 2 5 25 0 2 11 26 0 2 3 25 1 1 2 22 0 0 1 1 3 7 12 36
0 0 0 120 0 0 0 126 0 0 0 0 0 0 0 21 0 0 0 0 0 0 0 0 0 0 0 0 0 0 0 0 0 0 0 0 0 0 0 0 0 0 0 36 0 0 0 0 0 0 0 0 0 0 0 0 0 0 0 0 0 0 0 124
0 0 0 0 0 0 0 155 0 0 0 0 0 0 0 0 0 0 0 0 0 0 0 21 0 0 0 0 0 0 0 0 0 0 0 0 0 0 0 0 0 0 0 0 0 0 0 0 0 0 0 0 0 0 0 0 0 0 0 0 0 0 0 155
123 0 0 123 0 0 0 0 0 0 0 0 0 0 0 0 0 0 0 0 0 0 0 0 0 0 0 15 0 0 0 0 0 0 0 0 0 0 0 0 0 0 0 0 0 0 0 15 0 0 0 0 0 0 0 0 0 0 0 0 0 0 0 122
0 0 0 0 170 16 0 0 0 0 0 0 0 0 0 0 0 43 0 9 0 0 0 0 0 0 0 0 0 0 0 1 0 0 1 63 0 0 0 0 0 0 0 33 0 0 0 27 0 0 0 30 0 0 0 20 0 0 0 0 0 0 0 195
126 0 120 0 0 21 0 0 0 0 0 0 0 23 0 0 0 0 57 27 0 0 0 0 0 0 0 2 0 0 0 0 0 17 43 48 0 0 0 0 0 0 0 46 0 0 0 18 0 0 1 47 0 0 0 5 0 0 0 0 0 0 2 132
0 0 0 53 0 0 0 115 0 0 0 0 0 0 6 36 0 0 0 0 0 0 0 0 0 0 0 0 0 0 4 40 0 0 0 0 0 0 0 21 0 0 0 15 0 0 0 33 0 0 0 26 0 0 0 25 118 0 0 0 21 0 0 131
165 0 121 57 0 0 0 112 0 54 0 0 35 48 31 54 0 0 0 0 0 0 0 47 0 0 0 62 0 0 39 70 0 0 0 2 0 0 0 45 0 0 0 78 0 0 0 75 0 0 0 70 0 0 0 64 0 0 0 0 0 0 0 157
115 0 0 0 202 1 0 35 0 1 0 0 0 0 0 0 1 0 0 0 0 0 0 0 0 0 0 14 0 0 0 0 0 0 0 24 0 0 0 14 0 0 0 23 0 0 0 2 0 0 0 34 0 0 0 1 0 0 0 0 0 0 0 89
0 0 0 123 0 0 0 123 0 0 0 0 0 0 0 0 0 0 0 0 0 0 0 0 0 0 0 0 0 0 0 0 0 0 0 0 0 0 0 15 0 0 0 0 0 0 0 15 0 0 0 0 0 0 0 0 0 0 0 0 0 0 0 122
1 208 48 0 0 0 0 0 5 0 38 0 142 0 1 0 0 0 0 0 0 0 0 0 51 0 0 0 0 0 0 0 2 0 0 0 0 0 0 0 42 0 0 0 30 0 0 0 47 0 0 0 33 0 0 0 125 0 0 0 0 0 0 0
1 0 0 106 0 0 0 116 10 3 0 0 2 0 26 0 0 0 0 0 0 0 11 19 13 10 0 12 0 8 0 0 0 0 0 0 8 0 0 11 11 1 0 15 6 1 0 16 6 1 0 13 12 1 0 13 106 0 14 1 0 0 0 91
0 0 0 0 0 0 0 106 0 1 0 0 0 0 0 0 0 0 0 0 0 0 0 34 0 0 0 14 0 0 0 1 0 0 0 0 0 0 0 26 0 0 0 27 0 0 0 26 0 0 0 24 0 0 0 16 0 0 0 0 0 0 0 220
148 0 3 0 0 0 0 82 24 27 6 0 112 2 0 0 0 0 0 0 0 0 15 15 20 3 1 22 11 3 19 0 0 1 0 0 7 1 1 11 22 4 5 21 8 7 3 13 12 3 2 16 15 4 4 18 121 17 16 12 32 16 22 86
139 103 0 0 0 0 0 255 0 0 0 0 0 0 0 0 0 0 0 0 0 0 0 0 0 0 0 0 0 0 0 0 0 0 0 0 0 0 0 0 0 0 0 0 0 0 0 0 0 0 0 0 0 0 0 0 0 0 0 0 0 0 0 0
164 0 0 0 0 154 36 108 0 81 0 0 0 0 0 0 0 0 0 0 2 0 0 84 0 0 0 78 0 0 0 2 0 0 0 0 0 0 0 58 0 0 0 56 0 0 0 49 0 0 0 48 0 0 0 51 0 0 0 0 0 0 0 81
56 70 0 0 133 0 0 159 0 4 0 5 0 0 0 0 71 76 0 0 0 0 0 22 0 0 0 23 0 0 0 1 0 0 48 84 0 0 0 14 0 0 0 86 0 0 0 57 0 0 1 91 0 0 0 29 0 0 0 0 0 0 0 117
17 101 5 0 93 0 0 76 11 1 12 0 126 33 13 0 10 0 17 0 0 0 0 11 0 3 0 0 0 4 44 46 0 1 0 0 0 0 0 0 0 0 0 27 0 0 1 39 0 0 0 3 0 0 0 24 0 0 0 0 0 0 1 93
52 130 34 112 0 0 0 108 19 0 36 0 6 1 0 0 0 0 0 0 0 0 0 0 52 0 0 0 0 0 0 0 2 0 0 0 0 0 0 0 41 0 1 0 30 0 0 0 48 1 1 0 37 1 1 0 137 35 30 29 27 29 35 55
40 0 0 0 131 0 0 203 0 22 0 0 0 0 0 0 0 0 0 0 0 0 0 24 0 0 0 31 0 0 0 0 0 0 0 1 0 0 0 14 0 0 0 33 0 0 0 29 0 0 0 43 0 0 0 26 0 0 0 0 0 0 0 75
1 0 0 0 49 0 0 57 0 0 0 0 0 0 0 0 21 13 10 0 5 0 16 15 0 0 0 9 0 0 0 0 0 8 7 15 5 6 1 10 0 0 0 22 0 0 0 17 0 0 1 24 0 0 0 12 131 83 73 66 73 73 85 255
4 59 0 0 255 4 0 0 0 0 18 0 0 0 0 0 27 49 0 3 0 0 0 0 0 16 0 0 0 13 0 1 0 13 5 41 0 0 0 0 0 2 0 26 0 4 0 22 0 2 0 31 0 0 0 15 0 0 0 0 0 0 0 34
0 0 0 111 0 0 0 119 1 0 0 0 0 0 8 16 0 0 0 0 0 0 6 1 6 0 0 0 7 0 0 0 2 0 0 0 5 0 0 0 19 0 0 1 15 0 1 2 10 0 1 2 19 0 1 1 76 0 0 0 0 6 0 104
30 108 0 87 253 0 0 0 0 0 0 68 0 95 16 79 0 0 0 0 0 0 0 0 0 0 0 0 0 0 2 0 0 0 0 0 0 0 0 0 0 0 0 0 0 0 0 0 0 0 0 0 0 0 0 0 0 0 0 0 0 0 0 0
0 0 0 0 14 0 0 166 0 0 0 0 0 0 0 0 150 6 2 1 0 0 0 0 0 0 0 0 0 0 0 0 0 3 20 22 0 0 0 0 0 0 0 19 0 0 0 8 0 0 0 20 0 0 0 2 0 0 0 0 0 0 1 52
167 0 0 85 0 0 0 0 0 0 0 0 0 4 6 57 0 0 0 0 0 0 0 0 0 0 0 0 0 0 5 59 0 0 0 0 0 0 0 0 0 0 0 35 0 0 0 49 0 0 0 39 0 0 0 48 0 0 0 0 0 0 0 154
1 60 0 0 242 0 0 0 4 0 10 6 0 0 0 0 5 36 0 0 0 0 0 0 16 1 0 6 0 2 0 0 1 8 7 32 0 0 0 0 13 2 1 27 6 0 2 18 14 1 1 31 7 1 1 8 52 23 20 19 18 21 25 56
27 63 0 0 148 11 0 155 28 0 44 0 0 0 0 0 17 0 10 0 21 0 0 0 47 1 0 0 1 0 0 0 23 0 0 0 0 0 0 0 24 0 0 0 13 0 0 0 18 0 0 0 12 0 0 0 18 1 0 1 0 0 0 0
188 204 2 67 0 0 0 191 11 0 0 0 9 0 14 0 0 0 0 0 0 0 12 0 0 0 0 0 0 0 0 0 0 0 0 0 0 0 0 0 0 0 0 0 0 0 0 0 0 0 0 0 0 0 0 0 0 0 0 0 0 0 0 0
0 0 0 0 0 0 0 219 0 0 0 0 0 0 0 0 56 0 0 0 0 0 0 0 0 0 0 47 0 0 0 0 18 14 8 14 0 0 0 76 0 0 0 9 0 0 0 6 0 0 0 24 0 0 0 4 0 0 0 0 0 0 0 159
0 0 0 112 0 112 0 0 0 0 0 0 0 0 0 21 0 0 0 21 0 0 0 0 0 0 0 0 0 0 0 0 0 0 0 0 0 0 0 0 0 0 0 0 0 0 0 0 0 0 0 0 0 0 0 0 60 42 34 34 33 34 35 151
120 21 0 0 0 0 0 120 21 0 0 0 0 0 140 0 0 0 0 0 0 0 0 0 0 0 0 0 0 0 0 0 0 0 0 0 0 0 0 0 0 0 0 0 0 0 0 0 0 0 0 0 0 0 0 0 0 0 0 0 0 0 0 0
21 0 0 0 126 0 0 126 0 0 0 0 0 0 0 0 0 0 0 0 0 0 0 0 0 0 0 0 0 0 0 0 0 0 0 0 0 0 0 0 0 0 0 0 0 0 0 0 0 0 0 0 0 0 0 0 0 0 0 0 0 0 0 125
0 0 0 0 0 0 0 217 0 0 0 0 0 0 0 0 0 0 0 0 0 0 48 0 0 0 0 0 0 0 0 0 0 0 0 0 0 0 0 0 0 0 0 36 0 0 0 0 0 0 0 0 0 0 0 0 0 0 0 0 0 0 0 89
0 0 0 97 0 0 0 105 0 0 0 0 0 0 21 0 0 0 0 0 0 0 0 0 0 0 0 0 0 0 0 0 0 0 0 0 0 0 0 0 0 0 0 0 0 0 0 0 0 0 0 0 0 0 0 0 169 17 16 21 12 16 26 36
8 0 44 0 0 0 0 255 20 0 0 0 44 0 0 0 0 0 0 0 0 0 31 0 49 0 0 0 53 0 0 0 0 0 0 0 13 0 0 0 12 0 0 0 9 0 0 0 0 0 0 0 1 0 0 0 1 0 0 0 0 0 0 0
0 0 0 0 0 0 0 155 0 0 0 0 0 0 0 0 0 0 0 0 0 0 0 21 0 0 0 0 0 0 0 0 0 0 0 0 0 0 0 0 0 0 0 0 0 0 0 0 0 0 0 0 0 0 0 0 0 0 0 0 0 0 0 155
131 152 0 0 18 123 0 20 57 0 46 1 2 1 7 0 14 0 0 0 0 0 9 0 69 4 0 0 20 3 0 0 13 0 0 0 9 0 0 0 28 0 0 0 14 0 0 0 15 0 0 0 12 0 0 0 26 1 0 0 0 0 0 0
179 121 0 0 25 0 0 229 14 1 15 0 3 0 0 0 18 0 0 0 0 0 0 0 0 20 0 0 0 3 0 0 0 16 0 0 0 1 0 0 0 6 0 0 0 6 0 0 0 5 0 0 0 1 0 0 0 0 1 1 0 0 0 0
0 0 0 130 0 0 0 123 0 0 0 0 0 0 0 0 0 0 0 0 0 0 0 0 0 14 0 1 0 0 0 1 0 0 0 0 0 0 0 8 0 0 0 1 0 0 0 8 0 0 0 1 0 0 0 1 0 0 0 0 0 0 0 119
84 0 0 0 238 5 0 0 20 24 0 0 0 0 0 0 53 69 7 8 0 0 0 0 0 19 0 28 0 0 0 1 0 24 25 71 0 3 0 0 0 5 0 58 0 1 0 47 0 6 0 63 0 8 0 33 0 0 3 0 0 0 0 89
214 153 0 0 0 0 0 212 0 0 0 0 0 0 0 0 0 0 0 0 0 0 0 0 0 0 0 0 0 0 0 0 0 0 0 0 0 0 0 0 0 0 0 0 0 0 0 0 0 0 0 0 0 0 0 0 0 0 0 0 0 0 0 0
28 126 119 16 0 0 0 119 0 0 0 0 0 0 0 0 0 0 0 0 0 0 0 0 0 0 0 0 0 0 0 0 0 0 0 0 0 0 0 0 0 0 0 0 0 0 0 0 0 0 0 0 0 0 0 0 0 0 0 0 0 0 0 0
213 0 0 0 106 63 0 8 0 0 0 0 0 0 0 0 28 50 32 52 0 0 10 0 0 0 0 2 0 0 0 2 0 0 32 71 0 0 0 1 0 0 0 36 0 0 0 35 0 0 0 46 0 0 0 22 0 0 0 0 0 0 2 49
103 72 0 0 122 0 0 185 0 0 0 0 0 0 0 0 0 28 0 0 0 0 0 0 0 0 0 0 0 0 0 0 0 0 0 0 0 0 0 0 0 0 0 0 0 0 0 0 0 0 0 0 0 0 0 0 0 0 0 0 0 0 0 0
0 85 255 34 0 0 0 0 0 0 0 0 0 0 0 0 0 0 0 0 0 0 0 0 0 0 0 0 0 0 0 0 0 0 0 0 0 0 0 0 0 0 0 0 0 0 0 0 0 0 0 0 0 0 0 0 0 0 0 0 0 0 0 0
0 0 0 0 0 0 0 161 0 3 0 0 0 0 0 0 0 0 0 0 0 0 1 30 0 3 16 6 0 0 1 1 0 0 0 0 0 0 6 11 0 3 19 21 0 0 4 18 0 0 0 15 0 0 1 17 0 1 2 3 12 20 34 151
21 104 0 97 104 0 0 98 0 0 21 0 21 0 0 0 0 0 0 0 0 0 0 0 0 0 0 0 0 0 0 0 0 0 0 0 0 0 0 0 0 0 0 0 0 0 0 0 0 0 0 0 0 0 0 0 0 0 0 0 0 0 0 0
0 0 0 126 0 0 0 188 1 0 0 0 0 0 22 16 0 0 0 0 0 0 28 0 0 18 0 0 0 0 7 19 0 0 0 0 0 0 0 0 0 0 0 8 0 0 0 16 0 0 0 8 0 0 0 7 0 0 0 0 0 0 0 18
1 0 21 0 0 0 0 163 11 0 0 0 119 0 0 0 0 0 0 0 0 0 53 0 42 21 0 0 0 0 0 0 0 0 0 0 45 0 0 0 49 0 0 0 30 0 0 0 33 0 0 0 47 0 0 0 115 0 0 0 0 0 0 0
56 20 0 6 16 0 0 125 53 34 25 27 1 0 124 6 13 15 0 0 0 0 0 7 32 38 48 52 1 9 26 10 3 6 8 11 3 1 3 7 15 7 10 58 2 2 3 35 2 3 4 35 4 4 3 28 1 4 4 4 3 7 10 127
182 66 0 0 127 60 0 33 1 58 35 0 0 0 0 0 37 6 4 3 8 0 0 2 0 35 0 12 0 18 0 0 0 36 2 0 0 1 0 29 0 3 0 25 0 15 0 5 0 8 0 4 0 0 0 23 0 0 0 2 0 0 0 142
60 132 0 103 5 0 0 97 2 1 10 0 0 0 40 0 7 0 0 0 0 0 28 3 24 10 0 17 4 5 0 0 1 4 0 1 18 8 0 3 26 5 6 7 15 2 3 7 12 4 5 23 23 4 3 6 105 15 14 20 31 30 22 58
3 51 0 125 116 2 0 139 1 0 29 0 0 0 8 33 56 25 1 1 0 0 0 45 0 28 0 27 0 28 1 31 1 30 14 28 0 0 0 37 0 2 0 55 0 12 0 57 0 2 2 55 0 0 0 50 0 0 0 0 0 0 0 68
153 0 120 0 0 0 0 0 0 17 0 0 0 21 0 0 0 0 0 0 0 0 0 0 0 0 0 26 0 0 0 0 0 0 0 1 0 0 0 0 0 0 0 19 0 0 0 13 0 0 0 17 0 0 0 9 0 0 0 0 0 0 0 115
0 0 0 189 0 0 0 0 0 0 0 0 0 0 0 0 0 0 0 0 0 0 0 0 0 0 0 0 0 0 0 15 0 0 0 0 0 0 0 0 0 0 0 0 0 0 0 15 0 0 0 0 0 0 0 0 0 0 0 0 0 0 0 122
9 44 3 12 204 13 3 1 1 13 4 31 2 4 0 1 2 2 1 2 0 0 1 1 0 0 27 43 0 2 1 1 0 1 2 36 0 0 0 0 0 0 2 39 0 0 0 25 0 0 1 27 0 0 1 25 0 0 0 0 0 0 2 127
0 0 0 0 0 0 0 120 0 0 0 0 0 0 0 0 120 21 0 0 0 0 0 21 0 0 0 0 0 0 0 0 0 0 0 0 0 0 0 0 0 0 0 21 0 0 0 0 0 0 0 0 0 0 0 0 0 0 0 0 0 0 0 124
51 0 0 0 2 0 0 180 0 11 0 0 0 0 0 0 118 1 0 0 0 0 0 2 0 0 0 3 0 0 0 0 0 1 0 1 0 0 0 38 0 0 0 4 0 0 0 23 0 0 0 16 0 0 0 3 0 0 0 0 0 0 0 94
2 0 0 0 92 27 0 173 0 8 0 0 0 0 0 0 12 0 54 0 30 0 52 48 0 0 0 37 0 0 0 0 17 3 0 0 9 5 0 32 39 0 0 37 35 0 0 35 43 0 0 30 37 0 0 29 139 0 0 0 0 0 0 56
21 55 0 0 240 14 0 0 0 0 0 0 0 0 0 0 54 23 9 7 0 0 0 0 0 0 0 0 0 0 0 1 0 0 18 28 0 0 0 0 0 0 0 17 0 0 0 10 0 0 0 21 0 0 0 8 0 0 0 0 0 0 0 28
1 0 0 0 225 66 0 104 0 6 0 0 0 0 0 0 53 41 45 26 3 0 5 57 0 0 0 37 0 0 0 2 0 0 44 63 0 2 1 47 0 0 0 54 0 0 0 49 0 0 1 59 0 0 0 44 0 0 0 0 0 0 0 84
169 0 0 98 0 0 0 20 16 27 0 0 0 0 0 0 0 0 0 0 0 0 0 17 0 0 0 28 0 5 0 0 0 0 0 0 0 0 0 23 0 0 0 18 0 0 0 8 0 0 0 5 0 0 0 15 0 0 0 0 0 0 0 106
0 0 0 0 112 0 0 111 0 0 0 0 0 0 0 0 0 30 0 0 0 0 0 30 0 0 0 7 0 0 0 0 0 0 1 15 0 0 1 10 0 0 0 27 0 0 0 19 0 0 0 29 0 0 0 15 0 0 0 0 0 0 0 155
189 0 0 0 0 0 0 15 0 0 0 0 0 0 0 0 0 0 0 0 0 0 0 0 0 0 0 0 0 0 0 0 0 0 0 0 0 0 0 28 0 0 0 0 0 0 0 0 0 0 0 0 0 0 0 0 0 0 0 0 0 0 0 122
80 53 0 0 0 0 0 159 2 0 0 0 0 0 0 0 0 0 0 0 0 0 28 0 23 0 0 0 0 0 0 0 0 0 0 0 22 0 0 0 32 0 0 0 18 0 0 0 20 0 0 0 31 0 0 0 171 35 31 22 28 29 31 52
1 75 0 0 140 4 0 138 0 14 0 40 0 0 0 0 1 21 0 3 12 0 0 17 0 0 0 63 0 0 0 1 0 0 0 17 0 1 1 8 0 0 0 61 0 0 0 50 0 0 0 46 0 0 0 34 0 0 0 0 0 0 0 88
0 0 10 0 0 0 0 0 0 0 0 0 214 14 0 0 0 0 0 0 0 0 0 0 0 0 0 1 0 8 37 46 0 0 0 0 0 0 0 0 0 0 0 26 0 0 0 40 0 0 0 16 0 0 0 19 0 0 0 0 0 0 0 122
0 0 0 0 0 0 0 155 0 0 0 0 0 0 0 0 0 0 0 0 0 0 0 21 0 0 0 0 0 0 0 0 0 0 0 0 0 0 0 0 0 0 0 0 0 0 0 0 0 0 0 0 0 0 0 0 0 0 0 0 0 0 0 155
222 109 0 1 12 3 0 62 27 5 39 0 27 0 131 0 12 10 2 2 0 0 10 6 3 3 31 4 27 6 2 3 0 1 9 22 0 1 17 3 0 0 7 25 0 1 2 23 0 0 3 28 0 0 4 21 0 0 0 0 0 0 9 29
0 105 0 0 226 0 0 0 0 0 0 20 0 18 0 25 0 22 0 0 0 0 0 0 0 0 0 0 0 0 20 0 0 0 0 0 0 0 0 0 0 0 0 0 0 0 0 0 0 0 0 0 0 0 0 0 0 0 0 0 0 0 0 0
29 4 0 0 128 1 0 134 1 4 2 0 16 2 1 0 4 6 0 1 0 0 0 23 0 4 2 18 4 13 15 10 1 2 0 7 1 0 3 17 2 2 4 24 4 5 8 27 1 1 1 22 2 3 5 21 12 23 16 18 19 15 21 134
0 0 0 0 0 0 0 0 0 0 0 0 0 0 0 0 0 0 0 0 0 0 213 1 0 0 0 0 0 0 0 0 0 0 0 0 1 35 36 31 0 0 0 1 0 0 0 23 0 0 0 17 0 0 1 38 0 0 0 0 0 0 0 122
28 123 0 0 119 0 0 119 0 0 0 0 0 0 0 0 15 0 0 0 0 0 0 0 0 0 0 0 0 0 0 0 0 0 0 0 0 0 0 0 0 0 0 0 0 0 0 0 0 0 0 0 0 0 0 0 0 0 0 0 0 0 0 0
98 50 0 0 2 0 0 170 0 45 4 19 0 0 0 0 106 0 44 0 0 0 2 48 0 2 15 55 0 1 0 3 0 16 0 21 0 5 6 34 0 1 1 57 1 0 1 47 0 1 1 44 0 0 1 47 0 0 0 0 0 2 41 162
120 0 0 0 0 138 0 21 0 0 0 0 0 0 0 0 0 0 0 21 0 0 0 0 0 0 0 0 0 0 0 0 0 0 0 0 0 0 0 0 0 0 0 0 0 0 0 0 0 0 0 0 0 0 0 0 0 0 0 0 0 0 0 120
59 125 0 97 170 0 0 0 0 1 53 7 22 22 36 0 36 1 0 0 0 0 0 0 0 8 7 0 0 36 40 0 0 1 0 0 0 0 0 0 0 0 0 0 0 0 0 0 0 0 0 0 0 0 0 0 0 0 0 0 0 0 0 0
0 0 40 255 0 0 0 0 0 0 0 0 5 31 47 85 0 0 0 0 0 0 0 0 0 0 0 3 0 0 29 102 0 0 0 0 0 0 0 0 0 0 0 49 0 0 0 63 0 0 0 47 0 0 0 40 0 0 0 0 0 0 0 70
1 89 0 0 186 0 0 0 0 0 53 5 34 0 35 0 26 47 0 1 0 0 0 0 0 12 2 2 158 46 2 2 0 14 1 38 0 0 0 0 0 0 0 29 0 0 0 23 0 0 0 31 0 0 0 16 0 0 0 0 0 0 0 34
167 97 0 74 74 0 0 83 0 20 1 14 0 0 29 20 23 0 0 0 0 0 0 21 0 5 10 30 0 12 19 23 0 12 0 0 0 0 0 9 0 1 0 31 0 4 1 41 0 1 0 36 0 0 0 25 0 0 0 0 0 0 0 83
0 0 0 76 0 0 0 118 4 0 0 0 5 0 35 4 0 0 0 0 0 0 3 0 4 4 0 0 15 3 5 11 0 0 0 0 0 1 0 0 4 1 0 5 8 1 0 10 3 1 0 7 7 1 0 7 112 0 16 0 0 0 0 102
5 137 0 0 198 0 0 0 0 0 0 0 0 0 0 0 43 0 0 0 0 0 0 0 0 0 0 0 0 3 0 0 0 12 0 0 0 0 0 0 0 0 0 0 0 0 0 0 0 0 0 0 0 0 0 0 0 0 0 0 0 0 0 0
1 0 0 0 0 0 0 163 0 5 0 0 0 0 0 0 0 0 0 0 0 0 0 44 0 0 0 28 0 0 0 0 0 0 0 0 0 0 0 24 0 0 0 28 0 0 0 22 0 0 0 21 0 0 0 21 0 0 0 0 0 0 0 167
126 5 0 0 5 140 4 40 0 3 3 2 0 0 0 0 2 8 1 28 15 0 4 2 0 2 1 3 0 0 1 1 0 2 0 23 0 0 1 2 0 0 0 19 0 1 0 13 0 1 0 15 0 0 0 9 0 0 0 0 0 0 0 119
2 0 0 0 121 17 0 151 0 5 0 0 0 0 0 0 2 21 6 8 7 0 22 38 0 0 0 20 0 0 0 0 0 0 2 34 0 1 0 29 0 0 0 31 0 0 0 24 0 0 0 27 0 0 0 25 0 0 0 0 0 0 0 128
0 0 120 0 126 0 0 0 0 0 0 0 0 21 0 0 0 0 0 0 0 0 0 0 0 0 0 0 0 0 0 0 0 0 0 0 0 0 0 0 0 0 0 0 0 0 0 0 0 0 0 0 0 0 0 0 0 0 0 0 0 0 0 125
23 63 24 44 202 0 0 5 41 2 48 3 30 0 56 0 56 22 1 0 0 0 4 0 36 28 26 4 34 29 18 2 24 22 13 6 5 2 1 2 9 13 31 42 5 11 26 33 7 14 25 39 4 6 12 30 4 7 9 17 29 33 32 162
15 131 16 127 0 0 0 123 0 0 0 0 23 1 0 0 0 0 0 0 0 0 0 0 0 0 0 0 0 0 0 0 0 0 0 0 0 0 0 0 0 0 0 0 0 0 0 0 0 0 0 0 0 0 0 0 0 0 0 0 0 0 0 0
0 0 0 0 255 0 0 0 0 0 0 0 0 0 0 0 0 25 0 0 0 0 0 0 0 0 0 1 0 0 0 1 0 0 0 20 0 0 0 0 0 0 0 17 0 0 0 10 0 0 0 19 0 0 0 4 0 0 0 0 0 0 0 27
51 47 0 132 0 0 0 137 0 0 0 0 0 0 53 0 0 0 0 0 0 0 0 36 0 0 0 0 0 0 0 0 0 0 0 0 0 0 0 0 0 0 0 1 0 0 0 36 0 0 0 1 0 0 0 0 0 0 0 0 0 0 0 95
37 157 164 3 0 0 0 63 21 0 16 0 18 0 0 0 0 0 0 0 0 0 0 0 15 5 0 0 0 1 0 0 0 0 0 0 0 0 0 0 10 0 0 0 7 0 0 0 12 0 0 0 8 0 0 0 15 0 0 0 0 0 0 0
8 44 0 1 14 195 0 1 1 15 10 26 25 0 7 0 15 7 9 42 0 0 0 2 2 7 14 48 20 28 23 8 3 8 8 17 0 0 2 7 1 4 9 38 0 5 11 36 1 3 2 32 0 0 1 30 0 0 0 1 1 6 6 127
0 0 0 51 0 0 0 126 0 0 0 0 0 0 1 31 0 0 0 0 0 0 0 0 0 0 0 0 0 0 3 25 0 0 0 0 0 0 0 0 0 0 0 3 0 0 0 27 0 0 0 19 0 0 0 15 120 0 21 0 0 0 0 124
170 131 0 0 41 129 0 105 46 0 8 0 0 0 0 0 55 0 29 1 3 0 46 0 31 18 0 0 1 0 1 1 28 22 1 3 27 25 0 0 22 11 11 20 11 2 11 22 24 3 6 25 22 3 5 10 76 27 24 28 33 39 40 75
0 135 0 0 0 0 0 119 0 0 0 0 0 0 0 0 119 0 0 0 0 0 0 0 0 0 0 0 0 0 0 0 15 0 0 0 0 0 0 0 0 0 0 0 0 0 0 0 0 0 0 0 0 0 0 0 0 0 0 0 0 0 0 0
4 150 0 2 0 0 0 97 1 0 0 0 1 0 165 0 0 0 0 0 0 0 7 22 0 0 0 10 0 0 0 0 0 0 0 0 0 0 0 15 0 0 0 16 0 0 0 16 0 0 0 14 0 0 0 11 0 0 0 0 0 0 0 27
0 0 0 0 125 40 0 131 0 0 0 0 0 0 0 0 0 0 0 0 0 0 0 0 0 0 0 0 0 0 0 0 0 0 21 21 0 0 0 0 0 0 0 36 0 0 0 0 0 0 0 0 0 0 0 21 0 0 0 0 0 0 0 127
3 50 107 0 0 0 0 116 0 12 0 30 0 21 0 0 0 0 0 0 0 0 0 0 0 0 0 44 0 0 0 1 0 0 0 0 0 0 0 0 0 0 0 35 0 0 0 24 0 0 0 25 0 0 0 10 0 0 0 0 0 0 0 145
245 68 0 0 0 0 0 48 14 0 10 0 0 0 0 0 0 0 0 0 0 0 0 0 26 0 0 0 0 0 0 0 1 0 0 0 1 0 0 0 22 0 0 0 17 0 0 0 28 0 0 0 22 0 0 0 85 22 17 18 16 16 21 38
134 8 0 46 0 0 0 100 29 20 21 6 14 0 255 19 1 0 0 0 0 0 52 26 20 32 5 27 37 34 28 24 2 1 1 2 6 27 4 16 7 16 0 15 4 15 2 29 0 2 0 24 1 8 0 17 0 1 6 0 0 1 1 33
5 0 0 0 0 0 0 255 0 18 0 0 0 0 0 0 0 0 0 0 0 0 0 42 0 0 0 44 0 0 0 1 0 0 0 1 0 0 0 32 0 0 0 47 0 0 0 46 0 0 0 43 0 0 0 40 0 0 0 0 0 0 0 63
228 0 0 0 0 0 0 27 0 6 0 0 0 0 0 0 0 0 0 0 0 0 0 17 0 0 0 7 0 0 0 0 0 0 0 0 0 0 0 15 0 0 0 10 0 0 0 6 0 0 0 8 0 0 0 5 0 0 0 0 0 0 0 77
17 0 0 0 0 0 0 255 0 25 0 0 0 0 0 0 0 0 0 0 0 0 0 32 0 0 0 34 0 0 0 0 0 0 0 0 0 0 0 26 0 0 0 34 0 0 0 32 0 0 0 32 0 0 0 31 0 0 0 0 0 0 0 49
0 0 0 0 0 0 0 209 0 4 0 0 0 0 0 0 0 0 0 0 0 0 0 28 0 0 0 27 0 0 0 0 0 0 0 0 0 0 0 24 0 0 0 35 0 0 0 39 0 0 0 39 0 0 0 37 110 23 21 22 17 20 24 90
0 83 0 0 59 37 0 93 0 1 2 51 0 3 3 3 80 245 25 12 0 0 5 46 0 0 29 27 0 0 76 2 0 1 51 48 0 2 2 37 0 0 0 47 0 0 2 45 0 0 1 47 0 0 0 34 0 0 0 0 0 0 0 72
206 0 0 0 0 112 0 19 0 0 0 0 0 0 0 0 0 0 13 42 0 0 0 0 0 0 0 1 0 0 0 0 0 0 8 37 0 0 0 0 0 0 0 27 0 0 0 13 0 0 0 30 0 0 0 5 0 0 0 0 0 0 0 38
5 135 118 30 111 0 0 0 18 0 36 13 0 20 6 24 1 0 0 0 0 0 0 0 52 0 0 0 0 0 2 0 2 0 0 0 0 0 0 0 41 0 0 0 30 0 0 0 49 0 0 0 37 0 0 0 120 0 0 0 0 0 0 0
0 155 0 0 155 0 0 0 0 0 0 21 0 0 0 0 0 0 0 0 0 0 0 0 0 0 0 0 0 0 0 0 0 0 0 0 0 0 0 0 0 0 0 0 0 0 0 0 0 0 0 0 0 0 0 0 0 0 0 0 0 0 0 0
136 162 0 0 0 0 0 0 29 4 1 0 0 0 0 0 0 0 0 0 0 0 1 0 24 8 15 4 0 1 2 2 1 0 0 1 1 2 1 1 5 4 5 20 6 6 10 17 7 4 3 19 5 1 3 22 132 27 23 23 22 20 29 56
0 0 0 0 75 4 0 177 0 0 0 0 0 0 0 0 126 47 35 5 0 0 2 51 0 0 0 3 0 0 0 2 0 24 67 82 0 0 1 47 0 0 0 56 0 0 0 38 0 0 0 59 0 0 1 18 0 0 0 0 0 0 1 171
15 78 0 0 152 0 0 0 31 0 41 0 0 0 0 0 0 35 0 1 0 0 0 0 61 5 1 4 1 1 0 1 0 2 5 68 0 1 0 0 29 23 8 38 3 7 8 30 4 15 23 38 6 13 9 20 20 14 25 23 24 25 29 201
0 0 117 0 150 0 0 48 0 0 0 0 0 0 0 4 0 40 0 0 0 0 0 36 0 0 0 0 0 0 0 8 0 0 1 30 0 0 0 0 0 0 0 15 0 0 0 15 0 0 0 19 0 0 0 9 0 0 0 0 0 0 0 128
79 185 0 3 0 0 0 30 9 53 11 42 4 0 4 0 0 0 0 0 0 0 4 16 0 2 41 65 0 3 1 3 0 0 1 3 0 0 5 13 0 0 21 57 0 0 17 51 0 0 15 49 0 0 15 47 0 0 0 0 14 50 36 168
0 177 29 139 97 0 0 0 0 0 0 0 29 2 1 0 0 0 0 0 0 0 0 0 0 0 0 0 0 0 0 0 0 0 0 0 0 0 0 0 0 0 0 0 0 0 0 0 0 0 0 0 0 0 0 0 0 0 0 0 0 0 0 0
0 120 0 0 144 59 0 120 0 0 21 0 0 0 0 0 3 38 0 27 0 0 21 0 0 0 0 1 0 0 0 1 0 0 2 45 0 0 0 0 0 0 0 20 0 0 0 19 0 0 0 22 0 0 0 15 0 0 0 0 0 0 0 26
67 59 0 0 0 0 0 242 0 0 0 0 0 0 0 0 0 0 0 0 0 0 0 0 0 0 0 0 0 0 0 0 0 0 0 0 0 0 0 0 0 0 0 0 0 0 0 0 0 0 0 0 0 0 0 0 0 0 0 0 0 0 0 0
20 146 0 117 0 0 0 121 33 0 49 0 0 0 14 0 0 0 0 0 0 0 14 0 75 0 0 0 18 0 0 0 7 0 0 0 13 0 0 0 72 0 0 0 54 0 0 0 65 0 0 0 64 0 0 0 125 0 0 0 0 0 0 0
0 0 0 0 100 1 0 206 0 0 0 0 0 0 0 0 30 23 1 2 8 0 11 0 0 0 0 0 0 0 0 1 0 0 14 26 0 1 0 0 0 0 0 12 0 0 0 11 0 0 1 17 0 0 0 7 0 0 0 0 0 0 0 20
21 0 0 0 0 0 0 126 0 0 0 0 0 0 0 0 0 0 0 0 0 0 0 0 0 0 0 0 0 0 0 0 0 0 0 0 0 0 0 0 0 0 0 0 0 0 0 0 0 0 0 0 0 0 0 0 120 0 21 0 0 0 0 125
131 42 0 130 0 88 0 1 16 11 26 0 28 0 63 21 0 0 11 20 0 0 0 1 23 0 0 14 0 0 19 24 1 0 6 16 2 0 0 2 20 0 0 26 12 0 0 49 21 0 0 35 17 0 0 28 51 0 0 0 0 0 0 76
108 4 215 0 0 0 0 0 27 0 42 0 34 0 0 0 0 0 0 0 0 0 0 0 22 0 0 0 4 0 0 0 0 0 0 0 0 0 0 0 2 0 0 0 1 0 0 0 1 0 0 0 10 0 0 0 48 0 0 0 0 0 0 0
153 154 103 0 0 0 0 9 11 13 8 4 7 0 0 0 0 0 0 0 0 0 2 2 14 1 10 22 8 0 0 0 1 0 0 1 1 0 0 6 33 4 5 32 18 2 2 26 23 2 4 25 32 1 4 25 77 15 16 14 14 14 19 78
