22
22
22
22
22
22
22
6
6
6
6
6
6
6
6
6
6
6
6
6
6
6
6
6
6
6
6
6
6
6
6
6
6
6
6
6
6
6
6
6
6
6
16
6
6
6
6
6
10
6
6
7
7
7
7
7
7
7
7
7
7
7
7
7
7
7
7
7
7
7
7
7
7
7
7
7
7
7
7
7
7
7
7
7
7
7
7
7
7
4
7
7
7
7
11
11
11
11
11
11
11
11
15
11
11
11
11
11
2
2
11
18
11
11
11
11
11
22
22
22
22
22
22
22
2
2
2
2
2
2
2
2
2
2
2
2
2
2
2
2
1
2
2
2
2
2
2
2
2
2
2
17
2
2
2
2
2
2
2
2
2
2
2
2
2
2
2
2
2
2
2
2
2
2
7
2
2
2
17
17
17
17
17
17
17
17
17
17
17
17
17
17
17
17
20
16
17
2
2
2
2
2
2
2
2
16
16
18
10
16
10
10
10
2
1
2
2
2
2
2
2
2
2
2
2
2
22
22
4
22
22
22
22
2
22
22
22
22
8
15
15
2
15
15
15
15
15
15
15
15
15
15
15
15
15
15
15
15
15
13
13
13
13
13
13
13
13
13
13
13
13
13
13
13
13
13
13
13
13
13
13
3
13
19
19
19
19
19
19
19
19
19
19
19
19
19
19
19
19
21
21
21
21
21
21
21
21
21
21
21
21
3
3
3
3
3
3
3
3
3
3
3
3
8
3
3
3
3
3
3
3
3
3
3
3
3
3
3
3
6
3
3
3
3
3
3
3
3
3
3
3
3
3
3
3
20
3
3
3
3
3
3
3
3
3
3
3
3
3
1
3
3
3
3
3
3
3
3
3
1
3
3
3
3
3
1
1
1
1
1
1
1
1
3
8
3
1
1
1
1
1
1
1
1
1
1
1
1
1
1
1
1
1
1
1
1
1
1
1
1
1
1
1
1
1
1
1
1
1
1
1
1
1
1
1
1
1
1
1
1
1
1
1
1
1
1
1
1
1
8
1
1
1
1
1
1
1
1
1
1
1
1
1
1
1
1
1
1
1
2
1
1
1
1
1
8
8
3
8
8
8
8
8
8
8
8
8
8
8
8
8
8
8
8
8
8
1
8
8
8
8
8
8
8
8
8
8
8
8
8
1
8
4
9
4
9
9
4
4
9
9
10
9
20
1
20
20
20
20
20
1
20
1
1
20
1
20
20
10
12
12
12
12
12
12
12
12
12
12
2
12
12
15
12
12
12
2
12
12
12
2
2
12
12
12
12
2
12
12
2
1
4
4
4
11
4
11
4
4
11
4
4
12
9
11
4
4
1
4
4
20
4
4
4
10
4
4
4
4
4
4
4
4
4
4
4
4
4
4
4
11
11
2
11
4
4
4
4
4
4
4
21
9
9
9
9
9
9
9
9
9
9
9
9
9
9
9
9
22
22
9
9
9
9
9
9
9
9
9
5
5
5
5
5
5
5
5
5
5
5
5
5
5
5
5
5
5
5
5
5
5
5
5
5
5
5
5
5
5
5
5
5
5
5
5
5
5
22
22
22
5
5
5
5
5
5
5
22
22
22
22
22
22
22
22
22
22
22
22
22
22
22
22
22
18
18
18
18
18
18
18
4
18
18
18
18
18
18
18
18
14
14
14
14
14
14
14
14
14
14
14
14
14
14
14
14
22
14
14
14
14
14
14
14
22
22
22
22
22
22
22
22
22
22
22
4
22
22
22
10
10
10
10
10
10
10
22
22
22
22
22
22
22
22
22
22
22
22
22
10
10
10
16
10
16
16
16
16
10
16
10
16
16
16
10
10
10
16
10
16
10
16
10
10
16
16
16
4
9
4
9
10
9
4
4
9
9
4
4
9
